000001 nts.stortini.fgam0b1s5r0100.ePlus2024.001430_00001240.stn     14.120  2026-01-16 21:03:07   5601    1430         1    1430    499826
000001 nts.stortini.fgam0b1s5r0100.ePlus2024.001430_00001900.stn     14.113  2026-01-16 21:23:45   5626    1430         1    1430    499950
000001 nts.stortini.fgam0b1s5r0100.ePlus2024.001430_00000360.stn     13.857  2026-01-16 20:11:27   5533    1430         2    1430    499886
000001 nts.stortini.fgam0b1s5r0100.ePlus2024.001430_00000380.stn     14.032  2026-01-16 20:17:04   5642    1430         3    1430    499515
000001 nts.stortini.fgam0b1s5r0100.ePlus2024.001430_00001740.stn     13.781  2026-01-16 20:58:37   5559    1430         3    1430    499952
000001 nts.stortini.fgam0b1s5r0100.ePlus2024.001430_00000420.stn     13.709  2026-01-16 20:06:43   5438    1430         4    1430    499969
000001 nts.stortini.fgam0b1s5r0100.ePlus2024.001430_00001680.stn     13.729  2026-01-16 21:27:48   5514    1430         4    1430    499879
000001 nts.stortini.fgam0b1s5r0100.ePlus2024.001430_00001600.stn     14.013  2026-01-16 21:09:48   5606    1430         8    1430    499999
000001 nts.stortini.fgam0b1s5r0100.ePlus2024.001430_00000260.stn     13.599  2026-01-16 20:02:00   5492    1430         9    1430    499958
000001 nts.stortini.fgam0b1s5r0100.ePlus2024.001430_00000400.stn     13.799  2026-01-16 20:03:36   5562    1430         9    1430    499996
000001 nts.stortini.fgam0b1s5r0100.ePlus2024.001430_00000660.stn     13.793  2026-01-16 20:45:41   5572    1430         9    1430    499997
000001 nts.stortini.fgam0b1s5r0100.ePlus2024.001430_00000480.stn     13.906  2026-01-16 20:02:12   5567    1430        11    1430    499870
000001 nts.stortini.fgam0b1s5r0100.ePlus2024.001430_00001040.stn     13.812  2026-01-16 20:31:41   5539    1430        13    1430    499964
000001 nts.stortini.fgam0b1s5r0100.ePlus2024.001430_00001200.stn     13.706  2026-01-16 20:52:07   5482    1430        14    1430    499790
000001 nts.stortini.fgam0b1s5r0100.ePlus2024.001430_00001960.stn     14.009  2026-01-16 21:21:22   5610    1430        17    1430    499980
000001 nts.stortini.fgam0b1s5r0100.ePlus2024.001430_00000320.stn     13.765  2026-01-16 20:08:22   5525    1430        18    1430    499703
000001 nts.stortini.fgam0b1s5r0100.ePlus2024.001430_00000820.stn     13.951  2026-01-16 21:03:10   5624    1430        18    1430    499851
000001 nts.stortini.fgam0b1s5r0100.ePlus2024.001430_00000520.stn     13.944  2026-01-16 20:06:27   5530    1430        20    1430    499991
000001 nts.stortini.fgam0b1s5r0100.ePlus2024.001430_00001760.stn     13.648  2026-01-16 20:46:36   5538    1430        21    1430    499901
000001 nts.stortini.fgam0b1s5r0100.ePlus2024.001430_00000800.stn     14.112  2026-01-16 21:29:38   5641    1430        22    1430    499948
000001 nts.stortini.fgam0b1s5r0100.ePlus2024.001430_00001640.stn     14.207  2026-01-16 20:42:50   5665    1430        23    1430    499852
000001 nts.stortini.fgam0b1s5r0100.ePlus2024.001430_00001980.stn     14.266  2026-01-16 20:48:25   5632    1430        25    1430    499954
000001 nts.stortini.fgam0b1s5r0100.ePlus2024.001430_00000640.stn     14.162  2026-01-16 20:47:06   5637    1430        26    1430    499882
000001 nts.stortini.fgam0b1s5r0100.ePlus2024.001430_00001620.stn     14.005  2026-01-16 21:11:54   5591    1430        27    1430    499933
000001 nts.stortini.fgam0b1s5r0100.ePlus2024.001430_00000600.stn     14.104  2026-01-16 20:47:00   5614    1430        30    1430    499946
000001 nts.stortini.fgam0b1s5r0100.ePlus2024.001430_00000560.stn     13.646  2026-01-16 21:04:18   5422    1430        31    1430    499993
000001 nts.stortini.fgam0b1s5r0100.ePlus2024.001430_00001120.stn     13.731  2026-01-16 20:58:28   5453    1430        31    1430    499883
000001 nts.stortini.fgam0b1s5r0100.ePlus2024.001430_00001420.stn     14.259  2026-01-16 21:19:58   5677    1430        31    1430    499915
000001 nts.stortini.fgam0b1s5r0100.ePlus2024.001430_00001340.stn     13.797  2026-01-16 21:04:19   5607    1430        32    1430    499925
000001 nts.stortini.fgam0b1s5r0100.ePlus2024.001430_00001400.stn     13.782  2026-01-16 21:25:51   5532    1430        32    1430    499719
000001 nts.stortini.fgam0b1s5r0100.ePlus2024.001430_00000080.stn     13.709  2026-01-16 20:13:16   5537    1430        33    1430    499887
000001 nts.stortini.fgam0b1s5r0100.ePlus2024.001430_00000220.stn     13.713  2026-01-16 20:14:31   5406    1430        37    1430    499940
000001 nts.stortini.fgam0b1s5r0100.ePlus2024.001430_00000240.stn     13.838  2026-01-16 20:02:24   5538    1430        38    1430    499982
000001 nts.stortini.fgam0b1s5r0100.ePlus2024.001430_00001360.stn     13.928  2026-01-16 21:00:09   5540    1430        39    1430    499952
000001 nts.stortini.fgam0b1s5r0100.ePlus2024.001430_00001860.stn     13.777  2026-01-16 20:49:03   5583    1430        40    1430    499968
000001 nts.stortini.fgam0b1s5r0100.ePlus2024.001430_00001380.stn     13.975  2026-01-16 21:20:05   5556    1430        42    1430    499828
000002 nts.stortini.fgam0b1s5r0100.ePlus2024.001430_00001100.stn     13.742  2026-01-16 20:56:31   5550    1430        45    1430    499925
000002 nts.stortini.fgam0b1s5r0100.ePlus2024.001430_00001140.stn     13.568  2026-01-16 20:55:34   5487    1430        45    1430    499905
000002 nts.stortini.fgam0b1s5r0100.ePlus2024.001430_00001820.stn     13.962  2026-01-16 21:17:41   5546    1430        45    1430    499999
000002 nts.stortini.fgam0b1s5r0100.ePlus2024.001430_00000100.stn     13.916  2026-01-16 20:04:25   5562    1430        46    1430    499962
000002 nts.stortini.fgam0b1s5r0100.ePlus2024.001430_00000780.stn     13.621  2026-01-16 20:46:19   5427    1430        51    1430    499895
000002 nts.stortini.fgam0b1s5r0100.ePlus2024.001430_00001840.stn     14.006  2026-01-16 21:50:32   5585    1430        52    1430    499958
000002 nts.stortini.fgam0b1s5r0100.ePlus2024.001430_00000340.stn     13.819  2026-01-16 20:03:00   5500    1430        55    1430    499808
000002 nts.stortini.fgam0b1s5r0100.ePlus2024.001430_00000460.stn     13.930  2026-01-16 20:03:53   5605    1430        55    1430    499974
000002 nts.stortini.fgam0b1s5r0100.ePlus2024.001430_00001480.stn     13.491  2026-01-16 21:02:06   5415    1430        55    1430    499997
000002 nts.stortini.fgam0b1s5r0100.ePlus2024.001430_00000500.stn     13.832  2026-01-16 20:08:08   5468    1430        56    1430    499944
000002 nts.stortini.fgam0b1s5r0100.ePlus2024.001430_00000740.stn     13.916  2026-01-16 21:10:13   5610    1430        59    1430    499886
000002 nts.stortini.fgam0b1s5r0100.ePlus2024.001430_00001080.stn     14.187  2026-01-16 20:36:06   5614    1430        60    1430    499960
000002 nts.stortini.fgam0b1s5r0100.ePlus2024.001430_00001180.stn     13.767  2026-01-16 20:41:03   5565    1430        61    1430    499960
000002 nts.stortini.fgam0b1s5r0100.ePlus2024.001430_00001780.stn     13.729  2026-01-16 21:16:29   5524    1430        61    1430    499992
000002 nts.stortini.fgam0b1s5r0100.ePlus2024.001430_00000180.stn     14.100  2026-01-16 20:06:52   5595    1430        64    1430    499937
000002 nts.stortini.fgam0b1s5r0100.ePlus2024.001430_00001660.stn     13.557  2026-01-16 21:34:23   5460    1430        64    1430    499978
000002 nts.stortini.fgam0b1s5r0100.ePlus2024.001430_00000860.stn     13.710  2026-01-16 20:35:09   5572    1430        78    1430    499830
000002 nts.stortini.fgam0b1s5r0100.ePlus2024.001430_00000680.stn     13.605  2026-01-16 21:18:14   5533    1430        79    1430    499668
000002 nts.stortini.fgam0b1s5r0100.ePlus2024.001430_00000720.stn     13.537  2026-01-16 21:04:01   5475    1430        79    1430    499977
000002 nts.stortini.fgam0b1s5r0100.ePlus2024.001430_00001940.stn     13.979  2026-01-16 21:42:30   5621    1430        79    1430    499952
000002 nts.stortini.fgam0b1s5r0100.ePlus2024.001430_00001160.stn     14.024  2026-01-16 21:01:04   5604    1430        84    1430    499996
000002 nts.stortini.fgam0b1s5r0100.ePlus2024.001430_00000760.stn     14.290  2026-01-16 21:36:29   5762    1430        85    1430    499810
000002 nts.stortini.fgam0b1s5r0100.ePlus2024.001430_00001500.stn     13.770  2026-01-16 21:04:33   5508    1430        85    1430    499912
000002 nts.stortini.fgam0b1s5r0100.ePlus2024.001430_00001920.stn     14.069  2026-01-16 21:19:53   5646    1430        85    1430    499913
000002 nts.stortini.fgam0b1s5r0100.ePlus2024.001430_00001320.stn     13.450  2026-01-16 20:43:15   5451    1430        86    1430    499998
000002 nts.stortini.fgam0b1s5r0100.ePlus2024.001430_00000980.stn     13.860  2026-01-16 20:28:34   5599    1430        87    1430    499692
000002 nts.stortini.fgam0b1s5r0100.ePlus2024.001430_00001520.stn     13.864  2026-01-16 21:04:27   5593    1430        93    1430    499986
000002 nts.stortini.fgam0b1s5r0100.ePlus2024.001430_00000120.stn     13.547  2026-01-16 20:01:48   5418    1430        95    1430    499821
000002 nts.stortini.fgam0b1s5r0100.ePlus2024.001430_00000140.stn     13.932  2026-01-16 20:19:51   5586    1430        98    1430    499989
000002 nts.stortini.fgam0b1s5r0100.ePlus2024.001430_00000540.stn     13.885  2026-01-16 20:04:00   5660    1430        98    1430    499693
000002 nts.stortini.fgam0b1s5r0100.ePlus2024.001430_00001880.stn     13.707  2026-01-16 20:43:25   5507    1430       111    1430    499886
000002 nts.stortini.fgam0b1s5r0100.ePlus2024.001430_00000580.stn     13.734  2026-01-16 20:24:47   5483    1430       112    1430    499893
000002 nts.stortini.fgam0b1s5r0100.ePlus2024.001430_00000840.stn     13.992  2026-01-16 20:51:44   5644    1430       112    1430    499918
000002 nts.stortini.fgam0b1s5r0100.ePlus2024.001430_00001060.stn     13.809  2026-01-16 21:16:13   5474    1430       116    1430    499999
000002 nts.stortini.fgam0b1s5r0100.ePlus2024.001430_00000960.stn     13.739  2026-01-16 21:22:39   5502    1430       120    1430    499972
000002 nts.stortini.fgam0b1s5r0100.ePlus2024.001430_00001460.stn     14.157  2026-01-16 20:29:41   5627    1430       122    1430    499960
000002 nts.stortini.fgam0b1s5r0100.ePlus2024.001430_00001260.stn     13.653  2026-01-16 20:53:59   5496    1430       123    1430    499914
000003 nts.stortini.fgam0b1s5r0100.ePlus2024.001430_00000300.stn     14.094  2026-01-16 20:04:52   5607    1430       126    1430    499808
000003 nts.stortini.fgam0b1s5r0100.ePlus2024.001430_00000940.stn     14.049  2026-01-16 20:50:09   5645    1430       135    1430    499899
000003 nts.stortini.fgam0b1s5r0100.ePlus2024.001430_00001020.stn     13.840  2026-01-16 21:19:43   5471    1430       150    1430    499997
000003 nts.stortini.fgam0b1s5r0100.ePlus2024.001430_00000060.stn     14.221  2026-01-16 20:09:11   5665    1430       152    1430    499999
000003 nts.stortini.fgam0b1s5r0100.ePlus2024.001430_00000920.stn     13.777  2026-01-16 21:17:33   5554    1430       153    1430    499888
000003 nts.stortini.fgam0b1s5r0100.ePlus2024.001430_00001580.stn     13.871  2026-01-16 21:05:10   5528    1430       169    1430    500000
000003 nts.stortini.fgam0b1s5r0100.ePlus2024.001430_00000280.stn     13.969  2026-01-16 20:08:38   5586    1430       171    1430    499972
000003 nts.stortini.fgam0b1s5r0100.ePlus2024.001430_00000000.stn     13.995  2026-01-16 20:03:11   5676    1430       173    1430    499991
000003 nts.stortini.fgam0b1s5r0100.ePlus2024.001430_00000880.stn     14.132  2026-01-16 21:21:15   5694    1430       173    1430    499873
000003 nts.stortini.fgam0b1s5r0100.ePlus2024.001430_00001700.stn     13.813  2026-01-16 21:38:25   5564    1430       177    1430    499995
000003 nts.stortini.fgam0b1s5r0100.ePlus2024.001430_00001800.stn     13.918  2026-01-16 21:54:38   5547    1430       179    1430    499975
000003 nts.stortini.fgam0b1s5r0100.ePlus2024.001430_00000900.stn     13.370  2026-01-16 20:49:12   5360    1430       183    1430    499897
000003 nts.stortini.fgam0b1s5r0100.ePlus2024.001430_00000040.stn     13.965  2026-01-16 20:15:15   5562    1430       186    1430    499982
000003 nts.stortini.fgam0b1s5r0100.ePlus2024.001430_00001000.stn     13.745  2026-01-16 20:52:29   5477    1430       193    1430    499961
000003 nts.stortini.fgam0b1s5r0100.ePlus2024.001430_00000020.stn     14.048  2026-01-16 20:13:38   5523    1430       200    1430    499673
000003 nts.stortini.fgam0b1s5r0100.ePlus2024.001430_00000200.stn     13.938  2026-01-16 20:13:20   5574    1430       202    1430    499989
000003 nts.stortini.fgam0b1s5r0100.ePlus2024.001430_00001280.stn     13.985  2026-01-16 21:01:34   5572    1430       207    1430    499759
000003 nts.stortini.fgam0b1s5r0100.ePlus2024.001430_00001720.stn     13.873  2026-01-16 21:27:00   5573    1430       208    1430    499947
000003 nts.stortini.fgam0b1s5r0100.ePlus2024.001430_00001300.stn     13.900  2026-01-16 21:22:03   5594    1430       221    1430    499951
000003 nts.stortini.fgam0b1s5r0100.ePlus2024.001430_00000440.stn     13.830  2026-01-16 20:02:36   5604    1430       222    1430    499936
000003 nts.stortini.fgam0b1s5r0100.ePlus2024.001430_00000160.stn     14.170  2026-01-16 20:02:30   5734    1430       239    1430    499948
000003 nts.stortini.fgam0b1s5r0100.ePlus2024.001430_00001220.stn     13.921  2026-01-16 21:33:59   5582    1430       250    1430    499952
000003 nts.stortini.fgam0b1s5r0100.ePlus2024.001430_00001440.stn     13.776  2026-01-16 20:22:36   5537    1430       251    1430    499987
000003 nts.stortini.fgam0b1s5r0100.ePlus2024.001430_00000620.stn     13.736  2026-01-16 20:28:05   5504    1430       264    1430    499854
000003 nts.stortini.fgam0b1s5r0100.ePlus2024.001430_00001540.stn     14.045  2026-01-16 20:25:21   5615    1430       271    1430    499786
000003 nts.stortini.fgam0b1s5r0100.ePlus2024.001430_00000700.stn     14.203  2026-01-16 20:29:25   5685    1430       303    1430    499941
000003 nts.stortini.fgam0b1s5r0100.ePlus2024.001430_00001560.stn     13.836  2026-01-16 20:32:28   5494    1430       406    1430    499959
