000001 nts.stortini.fgamcb1s5r0101.ePlus2024.001430_00000001.stn     53.715  2026-01-21 23:05:10  29779    1430         1    1430     74998
000001 nts.stortini.fgamcb1s5r0101.ePlus2024.001430_00000004.stn     54.094  2026-01-22 08:52:45  29974    1430         1    1430     74999
000001 nts.stortini.fgamcb1s5r0101.ePlus2024.001430_00000009.stn     54.858  2026-01-22 09:05:48  30069    1430         1    1430     74999
000001 nts.stortini.fgamcb1s5r0101.ePlus2024.001430_00000011.stn     53.819  2026-01-22 09:21:25  30028    1430         1    1430     75000
000001 nts.stortini.fgamcb1s5r0101.ePlus2024.001430_00000014.stn     54.581  2026-01-22 09:30:20  29843    1430         1    1430     74998
000001 nts.stortini.fgamcb1s5r0101.ePlus2024.001430_00000017.stn     53.323  2026-01-22 09:31:03  29825    1430         1    1430     75000
000001 nts.stortini.fgamcb1s5r0101.ePlus2024.001430_00000018.stn     53.824  2026-01-22 09:07:48  29868    1430         1    1430     75000
000002 nts.stortini.fgamcb1s5r0101.ePlus2024.001430_00000020.stn     53.851  2026-01-22 09:38:20  30012    1430         1    1430     74999
000002 nts.stortini.fgamcb1s5r0101.ePlus2024.001430_00000021.stn     53.618  2026-01-22 09:19:02  29821    1430         1    1430     74999
000002 nts.stortini.fgamcb1s5r0101.ePlus2024.001430_00000024.stn     52.747  2026-01-22 10:13:10  29833    1430         1    1430     74999
000002 nts.stortini.fgamcb1s5r0101.ePlus2024.001430_00000026.stn     54.512  2026-01-22 09:48:58  29991    1430         1    1430     74996
000002 nts.stortini.fgamcb1s5r0101.ePlus2024.001430_00000028.stn     53.987  2026-01-22 10:07:01  29572    1430         1    1430     74998
000002 nts.stortini.fgamcb1s5r0101.ePlus2024.001430_00000029.stn     54.882  2026-01-22 09:54:01  29997    1430         1    1430     75000
000002 nts.stortini.fgamcb1s5r0101.ePlus2024.001430_00000030.stn     54.262  2026-01-22 10:09:01  29850    1430         1    1430     74999
000003 nts.stortini.fgamcb1s5r0101.ePlus2024.001430_00000031.stn     53.493  2026-01-22 10:16:41  29832    1430         1    1430     74993
000003 nts.stortini.fgamcb1s5r0101.ePlus2024.001430_00000034.stn     53.710  2026-01-22 10:31:28  29733    1430         1    1430     75000
000003 nts.stortini.fgamcb1s5r0101.ePlus2024.001430_00000035.stn     54.287  2026-01-22 10:29:41  30123    1430         1    1430     75000
000003 nts.stortini.fgamcb1s5r0101.ePlus2024.001430_00000038.stn     54.567  2026-01-22 10:48:13  29995    1430         1    1430     74999
000003 nts.stortini.fgamcb1s5r0101.ePlus2024.001430_00000039.stn     53.309  2026-01-22 10:25:16  29869    1430         1    1430     74998
000003 nts.stortini.fgamcb1s5r0101.ePlus2024.001430_00000043.stn     54.173  2026-01-22 11:03:19  30006    1430         1    1430     75000
000003 nts.stortini.fgamcb1s5r0101.ePlus2024.001430_00000048.stn     53.796  2026-01-22 10:58:30  29890    1430         1    1430     74998
000004 nts.stortini.fgamcb1s5r0101.ePlus2024.001430_00000052.stn     53.494  2026-01-22 11:35:07  30031    1430         1    1430     74998
000004 nts.stortini.fgamcb1s5r0101.ePlus2024.001430_00000054.stn     53.702  2026-01-22 11:14:44  29826    1430         1    1430     74998
000004 nts.stortini.fgamcb1s5r0101.ePlus2024.001430_00000062.stn     53.048  2026-01-22 12:23:35  29967    1430         1    1430     74994
000004 nts.stortini.fgamcb1s5r0101.ePlus2024.001430_00000066.stn     53.567  2026-01-22 11:41:55  29872    1430         1    1430     74999
000004 nts.stortini.fgamcb1s5r0101.ePlus2024.001430_00000067.stn     53.779  2026-01-22 12:03:04  30001    1430         1    1430     74996
000004 nts.stortini.fgamcb1s5r0101.ePlus2024.001430_00000070.stn     53.893  2026-01-22 11:38:12  30177    1430         1    1430     75000
000004 nts.stortini.fgamcb1s5r0101.ePlus2024.001430_00000072.stn     53.564  2026-01-22 11:53:18  30018    1430         1    1430     75000
000005 nts.stortini.fgamcb1s5r0101.ePlus2024.001430_00000073.stn     54.819  2026-01-22 11:40:07  30083    1430         1    1430     75000
000005 nts.stortini.fgamcb1s5r0101.ePlus2024.001430_00000076.stn     54.788  2026-01-22 11:39:37  29847    1430         1    1430     75000
000005 nts.stortini.fgamcb1s5r0101.ePlus2024.001430_00000077.stn     53.588  2026-01-22 11:56:09  29982    1430         1    1430     74998
000005 nts.stortini.fgamcb1s5r0101.ePlus2024.001430_00000078.stn     53.564  2026-01-22 12:01:48  29712    1430         1    1430     74999
000005 nts.stortini.fgamcb1s5r0101.ePlus2024.001430_00000081.stn     53.644  2026-01-22 13:32:43  29702    1430         1    1430     75000
000005 nts.stortini.fgamcb1s5r0101.ePlus2024.001430_00000082.stn     54.276  2026-01-22 11:47:03  29932    1430         1    1430     75000
000005 nts.stortini.fgamcb1s5r0101.ePlus2024.001430_00000085.stn     53.232  2026-01-22 11:58:05  29868    1430         1    1430     75000
000006 nts.stortini.fgamcb1s5r0101.ePlus2024.001430_00000086.stn     54.263  2026-01-22 12:03:02  29966    1430         1    1430     74999
000006 nts.stortini.fgamcb1s5r0101.ePlus2024.001430_00000089.stn     53.529  2026-01-22 12:27:38  29729    1430         1    1430     74998
000006 nts.stortini.fgamcb1s5r0101.ePlus2024.001430_00000090.stn     53.619  2026-01-22 12:25:01  30065    1430         1    1430     75000
000006 nts.stortini.fgamcb1s5r0101.ePlus2024.001430_00000092.stn     53.945  2026-01-22 12:13:39  30159    1430         1    1430     75000
000006 nts.stortini.fgamcb1s5r0101.ePlus2024.001430_00000095.stn     54.748  2026-01-22 12:18:48  30051    1430         1    1430     75000
000006 nts.stortini.fgamcb1s5r0101.ePlus2024.001430_00000101.stn     54.092  2026-01-22 12:44:41  29998    1430         1    1430     74998
000006 nts.stortini.fgamcb1s5r0101.ePlus2024.001430_00000103.stn     53.857  2026-01-22 13:00:42  29711    1430         1    1430     74997
000007 nts.stortini.fgamcb1s5r0101.ePlus2024.001430_00000104.stn     53.698  2026-01-22 12:39:15  30087    1430         1    1430     74998
000007 nts.stortini.fgamcb1s5r0101.ePlus2024.001430_00000105.stn     53.931  2026-01-22 12:59:26  30022    1430         1    1430     74999
000007 nts.stortini.fgamcb1s5r0101.ePlus2024.001430_00000111.stn     53.598  2026-01-22 12:30:50  29789    1430         1    1430     74998
000007 nts.stortini.fgamcb1s5r0101.ePlus2024.001430_00000112.stn     52.944  2026-01-22 12:39:12  29782    1430         1    1430     74996
000007 nts.stortini.fgamcb1s5r0101.ePlus2024.001430_00000114.stn     53.433  2026-01-22 12:54:03  29742    1430         1    1430     75000
000007 nts.stortini.fgamcb1s5r0101.ePlus2024.001430_00000115.stn     53.619  2026-01-22 12:37:32  29990    1430         1    1430     74996
000007 nts.stortini.fgamcb1s5r0101.ePlus2024.001430_00000116.stn     54.496  2026-01-22 14:32:10  29933    1430         1    1430     74998
000008 nts.stortini.fgamcb1s5r0101.ePlus2024.001430_00000118.stn     53.960  2026-01-22 12:48:46  29953    1430         1    1430     74994
000008 nts.stortini.fgamcb1s5r0101.ePlus2024.001430_00000119.stn     53.120  2026-01-22 12:43:29  30046    1430         1    1430     74996
000008 nts.stortini.fgamcb1s5r0101.ePlus2024.001430_00000123.stn     53.688  2026-01-22 12:52:03  29883    1430         1    1430     75000
000008 nts.stortini.fgamcb1s5r0101.ePlus2024.001430_00000124.stn     53.770  2026-01-22 13:00:02  29926    1430         1    1430     74996
000008 nts.stortini.fgamcb1s5r0101.ePlus2024.001430_00000128.stn     55.431  2026-01-22 12:56:12  29888    1430         1    1430     74997
000008 nts.stortini.fgamcb1s5r0101.ePlus2024.001430_00000129.stn     53.815  2026-01-22 14:54:50  29946    1430         1    1430     74997
000008 nts.stortini.fgamcb1s5r0101.ePlus2024.001430_00000132.stn     54.211  2026-01-22 13:49:08  29887    1430         1    1430     74998
000009 nts.stortini.fgamcb1s5r0101.ePlus2024.001430_00000134.stn     54.525  2026-01-22 13:26:49  29765    1430         1    1430     74988
000009 nts.stortini.fgamcb1s5r0101.ePlus2024.001430_00000136.stn     53.918  2026-01-22 13:11:28  29939    1430         1    1430     74995
000009 nts.stortini.fgamcb1s5r0101.ePlus2024.001430_00000139.stn     52.935  2026-01-22 13:12:44  29671    1430         1    1430     75000
000009 nts.stortini.fgamcb1s5r0101.ePlus2024.001430_00000140.stn     53.647  2026-01-22 13:37:42  29774    1430         1    1430     75000
000009 nts.stortini.fgamcb1s5r0101.ePlus2024.001430_00000145.stn     54.415  2026-01-22 13:45:11  29944    1430         1    1430     74999
000009 nts.stortini.fgamcb1s5r0101.ePlus2024.001430_00000150.stn     54.154  2026-01-22 13:40:58  29908    1430         1    1430     75000
000009 nts.stortini.fgamcb1s5r0101.ePlus2024.001430_00000151.stn     53.383  2026-01-22 14:01:07  29977    1430         1    1430     74998
000010 nts.stortini.fgamcb1s5r0101.ePlus2024.001430_00000153.stn     53.784  2026-01-22 13:52:10  29975    1430         1    1430     74995
000010 nts.stortini.fgamcb1s5r0101.ePlus2024.001430_00000155.stn     54.688  2026-01-22 14:55:55  30067    1430         1    1430     74999
000010 nts.stortini.fgamcb1s5r0101.ePlus2024.001430_00000158.stn     54.162  2026-01-22 14:17:55  30014    1430         1    1430     75000
000010 nts.stortini.fgamcb1s5r0101.ePlus2024.001430_00000164.stn     53.545  2026-01-22 15:32:08  30031    1430         1    1430     74999
000010 nts.stortini.fgamcb1s5r0101.ePlus2024.001430_00000169.stn     53.433  2026-01-22 15:08:36  29917    1430         1    1430     75000
000010 nts.stortini.fgamcb1s5r0101.ePlus2024.001430_00000173.stn     53.553  2026-01-22 15:17:13  29775    1430         1    1430     74998
000010 nts.stortini.fgamcb1s5r0101.ePlus2024.001430_00000177.stn     54.067  2026-01-22 15:07:39  29866    1430         1    1430     75000
000011 nts.stortini.fgamcb1s5r0101.ePlus2024.001430_00000184.stn     54.487  2026-01-22 15:26:10  30012    1430         1    1430     74996
000011 nts.stortini.fgamcb1s5r0101.ePlus2024.001430_00000190.stn     53.199  2026-01-22 15:57:47  29731    1430         1    1430     75000
000011 nts.stortini.fgamcb1s5r0101.ePlus2024.001430_00000191.stn     54.434  2026-01-22 18:19:56  30141    1430         1    1430     74999
000011 nts.stortini.fgamcb1s5r0101.ePlus2024.001430_00000194.stn     53.562  2026-01-22 15:34:49  29683    1430         1    1430     74999
000011 nts.stortini.fgamcb1s5r0101.ePlus2024.001430_00000003.stn     53.645  2026-01-21 21:49:52  29927    1430         2    1430     75000
000011 nts.stortini.fgamcb1s5r0101.ePlus2024.001430_00000012.stn     53.171  2026-01-22 09:48:01  29624    1430         2    1430     75000
000011 nts.stortini.fgamcb1s5r0101.ePlus2024.001430_00000013.stn     55.818  2026-01-22 09:12:31  29894    1430         2    1430     74997
000012 nts.stortini.fgamcb1s5r0101.ePlus2024.001430_00000019.stn     53.783  2026-01-22 09:04:49  29968    1430         2    1430     74998
000012 nts.stortini.fgamcb1s5r0101.ePlus2024.001430_00000032.stn     54.396  2026-01-22 11:04:26  30005    1430         2    1430     74998
000012 nts.stortini.fgamcb1s5r0101.ePlus2024.001430_00000037.stn     54.923  2026-01-22 10:52:33  29865    1430         2    1430     74998
000012 nts.stortini.fgamcb1s5r0101.ePlus2024.001430_00000041.stn     53.376  2026-01-22 10:33:44  29828    1430         2    1430     74997
000012 nts.stortini.fgamcb1s5r0101.ePlus2024.001430_00000042.stn     53.765  2026-01-22 10:40:34  29956    1430         2    1430     74999
000012 nts.stortini.fgamcb1s5r0101.ePlus2024.001430_00000045.stn     53.937  2026-01-22 11:16:57  29994    1430         2    1430     74997
000012 nts.stortini.fgamcb1s5r0101.ePlus2024.001430_00000046.stn     53.687  2026-01-22 10:50:03  29939    1430         2    1430     74998
000013 nts.stortini.fgamcb1s5r0101.ePlus2024.001430_00000049.stn     53.597  2026-01-22 11:06:07  29806    1430         2    1430     74999
000013 nts.stortini.fgamcb1s5r0101.ePlus2024.001430_00000051.stn     54.180  2026-01-22 10:52:20  30084    1430         2    1430     75000
000013 nts.stortini.fgamcb1s5r0101.ePlus2024.001430_00000053.stn     54.561  2026-01-22 11:20:42  29917    1430         2    1430     74999
000013 nts.stortini.fgamcb1s5r0101.ePlus2024.001430_00000058.stn     54.550  2026-01-22 12:28:50  30040    1430         2    1430     74999
000013 nts.stortini.fgamcb1s5r0101.ePlus2024.001430_00000061.stn     53.830  2026-01-22 11:36:57  29626    1430         2    1430     74998
000013 nts.stortini.fgamcb1s5r0101.ePlus2024.001430_00000065.stn     53.217  2026-01-22 12:01:10  29872    1430         2    1430     74999
000013 nts.stortini.fgamcb1s5r0101.ePlus2024.001430_00000068.stn     53.591  2026-01-22 11:53:17  29894    1430         2    1430     74999
000014 nts.stortini.fgamcb1s5r0101.ePlus2024.001430_00000069.stn     53.927  2026-01-22 12:18:46  29982    1430         2    1430     75000
000014 nts.stortini.fgamcb1s5r0101.ePlus2024.001430_00000074.stn     54.021  2026-01-22 12:05:52  29834    1430         2    1430     75000
000014 nts.stortini.fgamcb1s5r0101.ePlus2024.001430_00000079.stn     54.270  2026-01-22 12:14:27  29881    1430         2    1430     74996
000014 nts.stortini.fgamcb1s5r0101.ePlus2024.001430_00000080.stn     54.578  2026-01-22 12:10:16  30084    1430         2    1430     75000
000014 nts.stortini.fgamcb1s5r0101.ePlus2024.001430_00000094.stn     54.811  2026-01-22 12:59:04  29958    1430         2    1430     74997
000014 nts.stortini.fgamcb1s5r0101.ePlus2024.001430_00000097.stn     53.631  2026-01-22 12:37:50  29865    1430         2    1430     74999
000014 nts.stortini.fgamcb1s5r0101.ePlus2024.001430_00000100.stn     53.823  2026-01-22 12:54:17  30033    1430         2    1430     75000
000015 nts.stortini.fgamcb1s5r0101.ePlus2024.001430_00000102.stn     53.821  2026-01-22 12:30:24  29844    1430         2    1430     74995
000015 nts.stortini.fgamcb1s5r0101.ePlus2024.001430_00000109.stn     53.217  2026-01-22 12:47:15  29815    1430         2    1430     74999
000015 nts.stortini.fgamcb1s5r0101.ePlus2024.001430_00000110.stn     54.408  2026-01-22 12:32:10  29809    1430         2    1430     74999
000015 nts.stortini.fgamcb1s5r0101.ePlus2024.001430_00000121.stn     53.697  2026-01-22 13:17:50  29872    1430         2    1430     75000
000015 nts.stortini.fgamcb1s5r0101.ePlus2024.001430_00000125.stn     53.513  2026-01-22 13:15:40  29709    1430         2    1430     74999
000015 nts.stortini.fgamcb1s5r0101.ePlus2024.001430_00000126.stn     53.845  2026-01-22 13:33:01  29954    1430         2    1430     75000
000015 nts.stortini.fgamcb1s5r0101.ePlus2024.001430_00000130.stn     53.461  2026-01-22 13:14:50  29824    1430         2    1430     74994
000016 nts.stortini.fgamcb1s5r0101.ePlus2024.001430_00000131.stn     54.283  2026-01-22 12:59:40  29877    1430         2    1430     74997
000016 nts.stortini.fgamcb1s5r0101.ePlus2024.001430_00000138.stn     53.272  2026-01-22 13:38:11  29784    1430         2    1430     74998
000016 nts.stortini.fgamcb1s5r0101.ePlus2024.001430_00000144.stn     53.730  2026-01-22 13:25:39  29916    1430         2    1430     74998
000016 nts.stortini.fgamcb1s5r0101.ePlus2024.001430_00000149.stn     53.742  2026-01-22 13:56:57  29798    1430         2    1430     74998
000016 nts.stortini.fgamcb1s5r0101.ePlus2024.001430_00000156.stn     54.014  2026-01-22 14:04:44  29914    1430         2    1430     74997
000016 nts.stortini.fgamcb1s5r0101.ePlus2024.001430_00000157.stn     54.024  2026-01-22 14:16:16  30114    1430         2    1430     75000
000016 nts.stortini.fgamcb1s5r0101.ePlus2024.001430_00000159.stn     53.298  2026-01-22 15:03:40  29715    1430         2    1430     74999
000017 nts.stortini.fgamcb1s5r0101.ePlus2024.001430_00000160.stn     53.645  2026-01-22 14:41:47  29634    1430         2    1430     75000
000017 nts.stortini.fgamcb1s5r0101.ePlus2024.001430_00000161.stn     53.596  2026-01-22 14:32:00  29707    1430         2    1430     74996
000017 nts.stortini.fgamcb1s5r0101.ePlus2024.001430_00000163.stn     52.764  2026-01-22 14:40:18  29523    1430         2    1430     74999
000017 nts.stortini.fgamcb1s5r0101.ePlus2024.001430_00000167.stn     53.829  2026-01-22 15:15:34  29688    1430         2    1430     75000
000017 nts.stortini.fgamcb1s5r0101.ePlus2024.001430_00000170.stn     54.349  2026-01-22 15:24:49  29768    1430         2    1430     74997
000017 nts.stortini.fgamcb1s5r0101.ePlus2024.001430_00000175.stn     54.112  2026-01-22 15:13:31  30075    1430         2    1430     75000
000017 nts.stortini.fgamcb1s5r0101.ePlus2024.001430_00000179.stn     55.006  2026-01-22 15:09:29  30040    1430         2    1430     74999
000018 nts.stortini.fgamcb1s5r0101.ePlus2024.001430_00000181.stn     54.053  2026-01-22 15:30:01  29825    1430         2    1430     74999
000018 nts.stortini.fgamcb1s5r0101.ePlus2024.001430_00000182.stn     55.580  2026-01-22 15:28:30  29862    1430         2    1430     74998
000018 nts.stortini.fgamcb1s5r0101.ePlus2024.001430_00000183.stn     53.636  2026-01-22 15:41:16  29794    1430         2    1430     75000
000018 nts.stortini.fgamcb1s5r0101.ePlus2024.001430_00000186.stn     53.392  2026-01-22 15:25:59  29735    1430         2    1430     74999
000018 nts.stortini.fgamcb1s5r0101.ePlus2024.001430_00000187.stn     53.573  2026-01-22 15:25:22  29885    1430         2    1430     75000
000018 nts.stortini.fgamcb1s5r0101.ePlus2024.001430_00000000.stn     55.167  2026-01-21 21:00:01  29945    1430         3    1430     74999
000018 nts.stortini.fgamcb1s5r0101.ePlus2024.001430_00000005.stn     53.340  2026-01-22 09:13:37  29757    1430         3    1430     75000
000019 nts.stortini.fgamcb1s5r0101.ePlus2024.001430_00000010.stn     54.112  2026-01-22 09:01:46  29833    1430         3    1430     75000
000019 nts.stortini.fgamcb1s5r0101.ePlus2024.001430_00000036.stn     53.519  2026-01-22 10:36:33  29801    1430         3    1430     74995
000019 nts.stortini.fgamcb1s5r0101.ePlus2024.001430_00000040.stn     54.027  2026-01-22 10:30:28  29824    1430         3    1430     74999
000019 nts.stortini.fgamcb1s5r0101.ePlus2024.001430_00000047.stn     54.158  2026-01-22 11:00:23  29707    1430         3    1430     74997
000019 nts.stortini.fgamcb1s5r0101.ePlus2024.001430_00000050.stn     54.549  2026-01-22 11:33:30  29875    1430         3    1430     75000
000019 nts.stortini.fgamcb1s5r0101.ePlus2024.001430_00000056.stn     54.299  2026-01-22 11:42:53  30068    1430         3    1430     74999
000019 nts.stortini.fgamcb1s5r0101.ePlus2024.001430_00000057.stn     53.846  2026-01-22 11:57:59  29804    1430         3    1430     74999
000020 nts.stortini.fgamcb1s5r0101.ePlus2024.001430_00000060.stn     53.580  2026-01-22 11:29:35  29763    1430         3    1430     75000
000020 nts.stortini.fgamcb1s5r0101.ePlus2024.001430_00000063.stn     53.222  2026-01-22 11:30:57  29950    1430         3    1430     75000
000020 nts.stortini.fgamcb1s5r0101.ePlus2024.001430_00000071.stn     54.012  2026-01-22 11:55:45  29940    1430         3    1430     74993
000020 nts.stortini.fgamcb1s5r0101.ePlus2024.001430_00000075.stn     54.013  2026-01-22 11:43:47  29762    1430         3    1430     75000
000020 nts.stortini.fgamcb1s5r0101.ePlus2024.001430_00000091.stn     54.327  2026-01-22 12:29:14  30035    1430         3    1430     75000
000020 nts.stortini.fgamcb1s5r0101.ePlus2024.001430_00000093.stn     54.769  2026-01-22 12:11:30  30149    1430         3    1430     75000
000020 nts.stortini.fgamcb1s5r0101.ePlus2024.001430_00000099.stn     53.906  2026-01-22 12:23:10  29896    1430         3    1430     74999
000021 nts.stortini.fgamcb1s5r0101.ePlus2024.001430_00000117.stn     54.672  2026-01-22 12:52:15  30041    1430         3    1430     74996
000021 nts.stortini.fgamcb1s5r0101.ePlus2024.001430_00000120.stn     53.897  2026-01-22 12:54:35  29934    1430         3    1430     75000
000021 nts.stortini.fgamcb1s5r0101.ePlus2024.001430_00000127.stn     54.462  2026-01-22 12:55:51  29874    1430         3    1430     74998
000021 nts.stortini.fgamcb1s5r0101.ePlus2024.001430_00000137.stn     54.295  2026-01-22 13:44:26  30106    1430         3    1430     75000
000021 nts.stortini.fgamcb1s5r0101.ePlus2024.001430_00000142.stn     53.034  2026-01-22 13:18:42  29849    1430         3    1430     74997
000021 nts.stortini.fgamcb1s5r0101.ePlus2024.001430_00000148.stn     53.026  2026-01-22 13:30:45  29689    1430         3    1430     74997
000021 nts.stortini.fgamcb1s5r0101.ePlus2024.001430_00000152.stn     54.130  2026-01-22 13:42:53  29943    1430         3    1430     74998
000022 nts.stortini.fgamcb1s5r0101.ePlus2024.001430_00000154.stn     54.500  2026-01-22 14:09:41  29839    1430         3    1430     75000
000022 nts.stortini.fgamcb1s5r0101.ePlus2024.001430_00000162.stn     54.542  2026-01-22 14:48:40  29868    1430         3    1430     75000
000022 nts.stortini.fgamcb1s5r0101.ePlus2024.001430_00000165.stn     52.792  2026-01-22 14:56:29  30024    1430         3    1430     74999
000022 nts.stortini.fgamcb1s5r0101.ePlus2024.001430_00000171.stn     53.729  2026-01-22 15:16:43  29761    1430         3    1430     75000
000022 nts.stortini.fgamcb1s5r0101.ePlus2024.001430_00000180.stn     54.259  2026-01-22 15:38:44  30041    1430         3    1430     74999
000022 nts.stortini.fgamcb1s5r0101.ePlus2024.001430_00000185.stn     55.147  2026-01-22 15:31:12  30079    1430         3    1430     75000
000022 nts.stortini.fgamcb1s5r0101.ePlus2024.001430_00000188.stn     53.396  2026-01-22 16:06:43  29731    1430         3    1430     75000
000023 nts.stortini.fgamcb1s5r0101.ePlus2024.001430_00000189.stn     54.192  2026-01-22 15:29:35  29952    1430         3    1430     74999
000023 nts.stortini.fgamcb1s5r0101.ePlus2024.001430_00000192.stn     53.714  2026-01-22 15:31:58  29766    1430         3    1430     75000
000023 nts.stortini.fgamcb1s5r0101.ePlus2024.001430_00000193.stn     54.515  2026-01-22 15:58:39  30063    1430         3    1430     74999
000023 nts.stortini.fgamcb1s5r0101.ePlus2024.001430_00000196.stn     53.699  2026-01-22 16:55:59  29800    1430         3    1430     74999
000023 nts.stortini.fgamcb1s5r0101.ePlus2024.001430_00000197.stn     53.850  2026-01-22 18:02:51  29740    1430         3    1430     74999
000023 nts.stortini.fgamcb1s5r0101.ePlus2024.001430_00000002.stn     53.973  2026-01-21 23:10:13  29658    1430         4    1430     74994
000023 nts.stortini.fgamcb1s5r0101.ePlus2024.001430_00000006.stn     52.605  2026-01-22 08:48:50  29729    1430         4    1430     74999
000024 nts.stortini.fgamcb1s5r0101.ePlus2024.001430_00000015.stn     54.464  2026-01-22 09:22:25  30021    1430         4    1430     75000
000024 nts.stortini.fgamcb1s5r0101.ePlus2024.001430_00000016.stn     54.665  2026-01-22 09:21:41  29791    1430         4    1430     75000
000024 nts.stortini.fgamcb1s5r0101.ePlus2024.001430_00000025.stn     53.322  2026-01-22 09:44:53  29872    1430         4    1430     74989
000024 nts.stortini.fgamcb1s5r0101.ePlus2024.001430_00000033.stn     54.359  2026-01-22 10:23:45  29881    1430         4    1430     74999
000024 nts.stortini.fgamcb1s5r0101.ePlus2024.001430_00000055.stn     54.352  2026-01-22 11:43:44  29856    1430         4    1430     74996
000024 nts.stortini.fgamcb1s5r0101.ePlus2024.001430_00000059.stn     52.636  2026-01-22 11:21:57  29865    1430         4    1430     75000
000024 nts.stortini.fgamcb1s5r0101.ePlus2024.001430_00000107.stn     54.144  2026-01-22 12:47:16  29859    1430         4    1430     74999
000025 nts.stortini.fgamcb1s5r0101.ePlus2024.001430_00000133.stn     54.925  2026-01-22 13:00:07  30018    1430         4    1430     75000
000025 nts.stortini.fgamcb1s5r0101.ePlus2024.001430_00000135.stn     53.525  2026-01-22 13:20:32  29869    1430         4    1430     75000
000025 nts.stortini.fgamcb1s5r0101.ePlus2024.001430_00000174.stn     55.199  2026-01-22 15:08:32  29765    1430         4    1430     74997
000025 nts.stortini.fgamcb1s5r0101.ePlus2024.001430_00000178.stn     54.046  2026-01-22 15:15:31  29701    1430         4    1430     75000
000025 nts.stortini.fgamcb1s5r0101.ePlus2024.001430_00000195.stn     54.520  2026-01-22 15:58:49  29890    1430         4    1430     75000
000025 nts.stortini.fgamcb1s5r0101.ePlus2024.001430_00000007.stn     52.950  2026-01-22 09:08:07  29814    1430         5    1430     74999
000025 nts.stortini.fgamcb1s5r0101.ePlus2024.001430_00000008.stn     53.259  2026-01-22 08:57:02  29761    1430         5    1430     74999
000026 nts.stortini.fgamcb1s5r0101.ePlus2024.001430_00000022.stn     53.699  2026-01-22 09:26:08  29938    1430         5    1430     74999
000026 nts.stortini.fgamcb1s5r0101.ePlus2024.001430_00000098.stn     53.580  2026-01-22 12:28:09  29839    1430         5    1430     74999
000026 nts.stortini.fgamcb1s5r0101.ePlus2024.001430_00000147.stn     53.420  2026-01-22 13:36:50  29869    1430         5    1430     74999
000026 nts.stortini.fgamcb1s5r0101.ePlus2024.001430_00000172.stn     53.453  2026-01-22 15:19:28  29902    1430         5    1430     74997
000026 nts.stortini.fgamcb1s5r0101.ePlus2024.001430_00000023.stn     55.044  2026-01-22 09:14:51  29808    1430         6    1430     74998
000026 nts.stortini.fgamcb1s5r0101.ePlus2024.001430_00000064.stn     53.704  2026-01-22 11:41:06  30048    1430         6    1430     74999
000026 nts.stortini.fgamcb1s5r0101.ePlus2024.001430_00000083.stn     54.197  2026-01-22 12:10:36  29972    1430         6    1430     75000
000027 nts.stortini.fgamcb1s5r0101.ePlus2024.001430_00000084.stn     53.815  2026-01-22 12:07:47  29950    1430         6    1430     74999
000027 nts.stortini.fgamcb1s5r0101.ePlus2024.001430_00000108.stn     53.381  2026-01-22 12:53:49  30041    1430         6    1430     74999
000027 nts.stortini.fgamcb1s5r0101.ePlus2024.001430_00000141.stn     53.037  2026-01-22 13:15:05  29963    1430         6    1430     75000
000027 nts.stortini.fgamcb1s5r0101.ePlus2024.001430_00000113.stn     54.561  2026-01-22 12:49:09  29917    1430         7    1430     74998
000027 nts.stortini.fgamcb1s5r0101.ePlus2024.001430_00000122.stn     54.010  2026-01-22 12:51:00  30013    1430         7    1430     74996
000027 nts.stortini.fgamcb1s5r0101.ePlus2024.001430_00000143.stn     54.757  2026-01-22 13:25:54  29907    1430         7    1430     74998
000027 nts.stortini.fgamcb1s5r0101.ePlus2024.001430_00000146.stn     54.113  2026-01-22 13:39:00  30006    1430         7    1430     74997
000028 nts.stortini.fgamcb1s5r0101.ePlus2024.001430_00000168.stn     54.264  2026-01-22 15:01:26  29890    1430         7    1430     74998
000028 nts.stortini.fgamcb1s5r0101.ePlus2024.001430_00000176.stn     53.759  2026-01-22 15:21:43  29766    1430         7    1430     75000
000028 nts.stortini.fgamcb1s5r0101.ePlus2024.001430_00000087.stn     53.034  2026-01-22 12:23:04  29811    1430         8    1430     74999
000028 nts.stortini.fgamcb1s5r0101.ePlus2024.001430_00000096.stn     54.183  2026-01-22 12:15:24  30083    1430         8    1430     75000
000028 nts.stortini.fgamcb1s5r0101.ePlus2024.001430_00000027.stn     54.449  2026-01-22 10:12:49  29774    1430         9    1430     75000
000028 nts.stortini.fgamcb1s5r0101.ePlus2024.001430_00000044.stn     53.764  2026-01-22 11:10:23  29928    1430         9    1430     74999
000028 nts.stortini.fgamcb1s5r0101.ePlus2024.001430_00000166.stn     52.747  2026-01-22 15:42:20  29683    1430         9    1430     75000
000029 nts.stortini.fgamcb1s5r0101.ePlus2024.001430_00000106.stn     52.791  2026-01-22 13:00:29  29780    1430        10    1430     75000
000029 nts.stortini.fgamcb1s5r0101.ePlus2024.001430_00000199.stn     53.519  2026-01-22 15:45:05  29961    1430        10    1430     74999
000029 nts.stortini.fgamcb1s5r0101.ePlus2024.001430_00000088.stn     52.988  2026-01-22 12:04:21  29878    1430        13    1430     74998
000029 nts.stortini.fgamcb1s5r0101.ePlus2024.001430_00000198.stn     53.894  2026-01-22 15:55:17  29884    1430        17    1430     75000
